# keyframe format v1
fps 0
2508
2842
2986
3106
3226
3310
3382
3675
4129
4214
4286
4346
4466
4507
4603
4675
4867
4927
4999
5047
5303
5371
5599
5719
5833
5887
5929
5979
6014
6091
6157
6217
6337
6396
6450
6570
6659
6827
6886
7222
7294
7367
7415
7457
7577
7625
7781
7877
7961
8068
8309
8513
8789
8885
8969
9101
9173
9236
9643
9787
9901
9997
10189
10537
10592
10736
10771
10843
11019
11362
11446
11576
11777
11842
11887
12087
12207
12315
12516
12600
12668
12966
13134
13242
13302
13379
13475
13547
13667
13715
13906
14068
14252
14374
14590
14759
14826
14860
14980
15136
15231
15303
15405
15495
15566
15662
15758
16249
16345
16441
16602
16787
16883
17015
17087
17231
17318
17642
17714
17810
17990
18104
18176
18325
18433
18529
18601
18673
18973
19129
19249
19293
19338
19410
19458
19618
19640
19686
19758
19819
19881
19942
19992
20052
20160
20247
20319
20427
20487
20600
20691
20793
20853
20961
21044
21104
21212
21294
21438
21568
21712
21772
21847
21991
22143
22259
22653
22761
22953
23049
23121
23258
23306
23434
23530
23794
23854
23962
24014
24062
24182
24427
24475
24583
24868
24915
24987
25089
25202
25424
25496
25592
25724
25772
26012
26322
26612
26678
26920
27002
27288
27496
27672
27750
27934
27991
28159
28327
28437
28557
28653
28737
28798
29048
29180
29540
29624
29672
29744
29792
30031
30115
30199
30405
30442
30478
30562
30682
30811
30871
30979
31087
33554
33606
33835
33876
33915
