# keyframe format v1
fps 0
2508
2782
2804
2824
2838
2860
2892
2986
3034
3368
3500
3632
3758
3854
3950
4082
4192
4248
4332
4526
4667
4796
4838
4958
5023
5084
5161
5274
5346
5454
5490
5538
5607
5778
5844
5884
5950
6058
6142
6226
6299
6430
6460
6628
6688
6760
6844
7078
7506
7615
7777
7854
7916
8013
8085
8145
8243
8459
8687
8945
9106
9214
9310
9382
9520
9748
9886
10011
10161
10190
10262
10346
10419
10478
10577
10721
10807
10869
10954
11026
11067
11232
11400
11453
11814
11886
11946
12042
12155
12257
12358
12466
12643
12763
12811
13111
13255
13360
13498
13594
13647
13887
14055
14211
14448
14794
14916
15084
15156
15362
15694
15838
15886
15994
16282
16378
16474
16690
16750
16963
17151
17205
17270
17450
17540
17702
17807
17867
17965
18073
18321
18417
18537
18623
18812
18982
19168
19534
19743
19785
19904
20098
20507
20558
20678
20912
21086
21271
21517
21577
21618
21678
21798
22074
22200
22488
22638
22691
22748
22917
22989
23037
23133
23205
23247
23444
23510
23876
24077
24209
24251
24310
24505
24577
24685
24745
24865
24961
25030
25126
25318
25414
25462
25608
25668
25752
25857
25923
26090
26120
26228
26324
26396
26468
26546
26777
26990
27098
27170
27410
27494
27712
27802
27910
28023
28203
28347
28419
28636
28695
28803
29305
29488
29524
29565
29646
29718
29792
29865
30087
30171
30267
30422
30542
30650
30723
30807
30951
31023
31074
31182
31485
32015
32487
32746
33077
33283
33554
33606
33846
33889
33962
