# keyframe format v1
fps 0
2508
2819
3031
3157
3258
3342
3438
3552
3657
3729
3801
3861
3897
3979
4191
4311
4467
4671
4815
4983
5175
5271
5415
5505
5625
5771
5894
6122
6194
6266
6374
6463
6559
6631
6793
6961
7033
7153
7183
7218
7260
7446
7539
7611
7767
7839
7905
7947
8072
8162
8330
8378
8467
8533
8593
8809
8929
9013
9072
9096
9360
9492
9677
9797
9857
9935
10126
10210
10270
10330
10386
10456
10678
10995
11259
11523
11625
11733
11942
12038
12182
12386
12434
12542
12800
12902
13010
13051
13075
13363
13597
13709
13787
13907
14051
14129
14357
14489
14585
14674
14710
14800
14842
14926
14979
15033
15105
15170
15236
15332
15446
15711
15831
15915
15957
16010
16070
16124
16184
16268
16454
16526
16612
16726
16870
17002
17056
17086
17122
17254
17295
17367
17463
17645
17769
17889
18027
18099
18178
18226
18310
18430
18640
18682
18771
18813
18923
19019
19115
19187
19241
19493
19629
19677
19802
19868
19886
19987
20029
20082
20154
20226
20263
20278
20300
20371
20557
20737
20893
21037
21253
21469
21522
21564
21636
22026
22179
22383
22467
22671
22767
23151
23577
24069
24273
24338
24400
24454
24647
24694
24778
24847
24901
24954
25092
25249
25357
25417
25482
26010
26142
26208
26352
26472
26610
26742
26898
27015
27063
27134
27260
27404
27494
27578
27691
27727
27757
27829
27925
27996
28086
28140
28289
28487
28571
28684
28804
28961
29021
29134
29182
29243
29320
29386
29472
29589
29697
29745
29829
29901
30129
30297
30357
30500
30537
30681
30813
30897
30933
30981
31041
31065
31113
31195
31485
32015
32487
32746
33077
33283
33554
33606
33714
33744
33915
