# keyframe format v1
fps 0
0
84
168
186
330
414
462
474
522
575
623
683
767
792
997
1082
1190
1322
1406
1574
1586
1658
1792
1833
1905
1965
1992
2124
2253
2309
2370
2435
2591
3010
3046
3334
3502
3706
3748
3789
3861
3909
3981
4089
4161
4257
4334
4376
4534
4726
4961
5304
5465
5513
5561
5705
5777
5885
5993
6053
6175
6367
6415
6511
6667
6739
6913
7170
7295
7457
7553
7853
7930
8098
8218
8257
8278
8398
8506
8602
8694
8754
8879
9026
9134
9195
9254
9315
9398
9452
9488
9620
9686
9758
9854
9938
10010
10111
10447
10633
10777
10842
11011
11126
11222
11282
11375
11482
11542
11620
11680
11788
11848
11908
11998
12099
12147
12171
12207
12351
12423
12531
12615
12663
12819
12903
12963
13011
13059
13143
13239
13359
13467
13491
13527
13797
13893
14061
14205
14276
14312
14420
14480
14516
14732
14792
14894
14996
15056
15146
15290
15419
15493
15719
15824
16138
16197
16565
16727
16781
16841
16937
17002
17068
17152
17320
17398
17482
17631
17684
17775
17919
18038
18283
18391
18511
18661
18750
19014
19089
19281
19302
19343
19379
19583
19823
20028
20226
20298
20371
20438
20486
20564
20726
20924
21008
21321
21416
21500
21980
22100
22130
22154
22283
22390
22406
22430
22562
22670
22766
22856
23270
23390
23506
23578
23746
23763
23835
23955
24063
24183
24279
24387
24603
24723
24795
25011
25203
25287
25335
25443
25533
25569
25641
25809
25874
26120
26300
26408
26576
26660
26756
26903
27023
27119
27251
27353
27425
27629
27725
27821
27917
28152
28241
28385
28445
28520
29324
29516
29552
30069
30213
30747
30782
30866
30922
31112
31379
31909
32380
32639
32970
33177
33448
33500
33750
33790
33825
33858
