# keyframe format v1
fps 0
2508
2758
2842
3130
3226
3346
3475
3547
3644
3751
3835
3967
3993
4114
4222
4342
4546
4606
4786
4822
4882
4978
5038
5146
5220
5279
5342
5516
5597
5744
5972
6092
6152
6236
6289
6362
6410
6482
6548
6617
6689
6901
6961
7045
7301
7361
7454
7690
7731
7791
7905
8052
8158
8290
8407
8454
8515
8599
8659
8718
8820
8997
9135
9183
9248
9326
9410
9650
9875
10102
10168
10210
10284
10476
10578
10668
10740
10854
10926
11124
11361
11739
11810
11870
12986
13100
13220
13316
13460
13568
13640
14072
14168
14264
14480
14696
14888
15152
15308
15392
15524
15811
15868
15910
16047
16107
16349
16473
16545
16657
17247
17337
17476
17710
17914
18027
18195
18303
18522
18618
18840
18996
19208
19258
19396
19437
19538
19653
19725
19886
20073
20121
20277
20415
20739
20898
21054
21234
21342
21390
21478
21533
21617
21689
21833
21953
22625
22745
22978
23128
23308
23416
23466
23538
23580
23650
23718
23794
23914
23974
24002
24019
24127
24175
24223
24320
24347
24457
24565
24570
24624
24672
24726
24786
24882
24978
25040
25088
25148
25220
25280
25400
25448
25568
25652
25784
25897
25963
26059
26156
26217
26379
26527
26642
26690
26810
26955
27037
27126
27321
27370
27430
27490
27627
27843
27999
28042
28090
28176
28272
28308
28416
28458
28499
28715
28856
29038
29188
29251
29305
29449
29620
29892
30138
30258
30366
30474
30714
30765
30789
30866
31287
31383
31478
31514
31754
31844
31964
32396
32564
32708
32876
32954
33062
33158
33218
33391
33445
33541
33670
33718
33915
34014
34115
34235
34397
34493
34588
34989
35519
35990
36248
36580
36786
