# keyframe format v1
fps 0
2507
2961
3081
3273
3333
3477
3537
3693
3741
3837
3921
4089
4209
4257
4329
4373
4433
4481
4613
4673
4745
4793
4901
5243
5291
5363
5459
5541
5578
5614
5866
6034
6096
6133
6174
6246
6294
6582
6750
6894
7038
7134
7302
7418
7562
7598
7832
7957
8017
8101
8221
8419
8539
8659
8803
8899
9019
9091
9283
9504
9588
9758
9824
9894
9896
9979
10195
10243
10388
10454
10496
10539
10627
10657
10729
10871
10907
10931
10950
10991
11051
11127
11211
11263
11331
11446
11523
11544
11651
11724
11772
11834
11894
11942
11990
12025
12097
12145
12349
12445
12469
12552
12648
12720
12792
12888
13032
13080
13152
13296
13416
13512
13716
13800
13836
13872
13920
13968
14064
14326
14470
14590
14710
14813
15031
15149
15340
15377
15521
15557
15585
15635
15708
15781
15901
15973
16081
16165
16249
16369
16525
16621
16741
16788
17117
17351
17471
17507
17579
17795
17867
17916
17967
18111
18255
18415
18509
18788
18865
18961
19151
19223
19487
19669
19785
19857
19929
20015
20134
20230
20350
20494
20566
20650
20770
20866
20974
21010
21046
21142
21370
21514
21586
21658
21754
21946
22138
22173
22233
22309
22465
22537
22681
22753
22873
23041
23154
23202
23238
23454
23646
23778
23946
24042
24165
24258
24349
24390
24504
24648
24708
24852
24924
25068
25229
25649
25757
25805
25973
26069
26129
26273
26345
26585
26777
26849
26969
27011
27074
27182
27266
27338
27890
28058
28154
28202
28286
28406
28595
28739
28823
28907
28979
29087
29159
29327
29411
29507
29603
29675
29759
29878
29998
30226
30310
30382
30418
30589
30835
31103
33553
33605
33841
33878
33914
