# keyframe format v1
fps 0
2508
2802
3165
3286
3358
3478
3574
3663
3855
3975
4023
4227
4371
4515
4683
4875
5103
5295
5475
5511
5583
5655
5751
5859
5955
6417
6498
6642
6786
6858
6918
7030
7366
7426
7666
7687
7782
7848
8050
8166
8370
8485
8593
8706
8850
8899
8946
9018
9114
9264
9420
9474
9767
9917
9970
10078
10252
10348
10492
10576
10720
10948
11080
11248
11320
11476
11524
11680
11710
11756
11816
11878
12190
12238
12322
12490
12603
12662
12740
12806
12854
12950
13022
13514
13661
13733
13829
13913
13985
14069
14333
14430
14595
15099
15320
15453
15790
15999
16107
16251
16311
16359
16400
16634
16748
16814
16880
16976
17005
17077
17125
17293
17329
17389
17473
17809
17857
18077
18185
18298
18354
18631
18726
18808
18857
19037
19144
19216
19406
19514
19562
19634
19687
19841
19890
19963
20036
20240
20312
20360
20420
20684
20792
20888
20942
21028
21113
21209
21269
21461
21653
21858
21881
22025
22073
22241
22313
22413
22461
22701
22797
22917
23013
23325
23493
23553
23673
23721
23781
23973
24021
24102
24150
24222
24306
24366
24474
24522
24606
24714
24774
25047
25095
25155
25335
25672
25792
25922
26006
26039
26206
26254
26438
26656
26848
27040
27124
27190
27262
27358
27514
27598
27634
27682
27766
28006
28054
28162
28294
28378
28834
28930
29050
29151
29211
29259
29307
29341
29371
29455
29527
29575
29623
29671
29755
29791
29873
30006
30115
30178
30331
30469
30512
30632
30753
30838
30894
31061
33554
33606
33898
33936
33972

