# keyframe format v1
fps 0
2508
2914
2974
3176
3344
3517
3620
3729
3819
3915
4011
4287
4356
4392
4524
4596
4668
4920
5064
5111
5413
5446
5543
5705
5771
6179
6214
6274
6575
6647
6801
7022
7269
7434
7494
7578
7662
7770
7811
7931
8171
8279
8315
8411
8579
8657
8693
8725
8764
8788
8812
8830
8919
9003
9075
9147
9213
9262
9334
9478
9639
9818
9866
9956
10178
10226
10255
10309
10357
10417
10549
10637
10697
10793
10881
11121
11294
11456
11570
11666
11723
11807
11957
12125
12190
12430
12566
12674
12716
12836
12860
13106
13369
13511
13631
13741
13826
13982
14054
14143
14615
14891
15046
15346
15442
15538
15659
15741
15934
15994
16132
16364
16550
16610
16790
17030
17078
17172
17370
17567
17813
17849
18012
18120
18288
18420
18558
18798
18990
19062
19266
19482
19769
20078
20184
20383
20777
20974
21023
21202
21346
21491
21635
21694
21838
22016
22160
22220
22292
22364
22472
22664
22808
22940
23114
23270
23352
23450
23551
23695
23849
23947
24090
24192
24240
24312
24396
24480
24672
24780
24834
24906
24966
25146
25182
25242
25398
25434
25482
25602
25706
25844
25880
26006
26090
26191
26299
26417
26573
26717
26801
26873
26921
26957
26974
27064
27160
27533
27641
27689
27905
28049
28157
28445
28493
28637
28840
28842
28857
28860
28878
28914
28950
28986
29070
29154
29406
29906
30038
30134
30195
30284
30350
30499
30715
30787
30859
30979
31063
31207
33554
33606
33878
33933
33969
