# keyframe format v1
fps 0
2508
2842
3094
3310
3454
3526
3886
4006
4114
4234
4366
4534
4606
4702
4846
4932
5173
5269
5521
5593
5665
5785
5929
6001
6121
6289
6385
6469
6601
6721
6793
6828
6882
7026
7230
7360
7405
7478
7498
7531
7573
7597
7669
7753
7919
8073
8195
8434
8554
8650
8782
8914
9018
9093
9240
9293
9413
9461
9581
9641
9857
10052
10148
10268
10412
10508
10604
10808
10901
10973
11357
11537
11657
11753
11938
11972
12093
12324
12564
12660
12966
13062
13182
13535
13655
13853
14062
14182
14254
14463
14655
14703
14747
14795
14867
14927
15179
15251
15467
15539
15707
15879
15998
16016
16040
16076
16342
16462
16640
16760
16880
16986
17394
17490
17634
17730
17874
17970
18210
18225
18261
18386
18542
18638
18752
18848
18992
19100
19220
19328
19448
19556
19676
19826
20314
20486
20606
20726
20846
20965
21199
21238
21262
21286
21358
21574
21670
21766
21897
22063
22133
22406
22550
22646
22707
22767
22827
22887
22947
23036
23142
23574
23607
23790
23874
23994
24162
24391
24439
24523
24582
24630
24871
25051
25267
25345
25433
25591
25643
25721
25811
25931
26003
26063
26159
26195
26231
26267
26303
26351
26387
26423
26519
26579
26651
26675
26699
26735
26765
26825
26849
26866
26908
26965
27013
27157
27277
27445
27517
27601
27649
27739
27798
27943
28073
28135
28195
28254
28350
28408
28470
28519
28543
28890
28990
29048
29344
29428
29596
29668
29824
29872
29944
29992
30088
30196
30232
30380
30436
30508
30580
30640
30736
30832
30940
30988
31084
31168
33556
33608
33891
33936
33973
