# keyframe format v1
fps 0
2508
2914
3058
3178
3316
3388
3460
3592
3760
3952
4096
4120
4208
4376
4448
4502
4664
4749
4923
5091
5187
5271
5319
5409
5505
5618
5678
5792
5876
5922
5982
6186
6262
6363
6460
6616
6841
6978
7062
7248
7307
7403
7499
7596
7691
7835
7871
7912
7938
7998
8094
8238
8286
8465
8706
8826
8959
9054
9146
9211
9342
9498
9594
9720
9776
9937
10050
10188
10296
10368
10428
10500
10644
10718
10838
10982
11042
11198
11366
11414
11494
11631
11781
11853
11913
12009
12081
12183
12254
12350
12434
12518
12766
12826
12886
13007
13025
13035
13074
13107
13155
13191
13251
13323
13377
13437
13629
13749
13809
13935
14163
14185
14251
14322
14418
14550
14730
14884
15074
15093
15177
15265
15329
15375
15476
15614
15674
15758
15776
15797
15826
15932
16030
16192
16312
16806
16866
16998
17051
17099
17147
17267
17387
17459
17507
17555
17699
17771
17873
18029
18089
18127
18271
18385
18457
18553
18650
18794
18926
18965
19022
19070
19106
19250
19490
19556
19820
19892
19940
20060
20108
20204
20324
20396
20648
20756
20864
20942
21038
21146
21221
21307
21408
21480
21552
21720
21768
21843
22419
22563
22863
22948
23163
23211
23241
23309
23381
23417
23525
23554
23602
23674
23818
23895
24128
24208
24361
24445
24517
24589
24721
24769
24857
25244
25327
25807
25879
25927
26185
26233
26293
26413
26545
26834
27007
27079
27179
27269
27341
27467
27648
27700
27754
27899
27971
28078
28430
28503
28583
28631
28661
28757
28853
28925
28951
28977
29003
29033
29069
29117
29177
29249
29297
29477
29501
29515
29587
29707
29779
29839
29899
30433
30528
30600
30660
30775
30880
30973
31070
31124
31166
33556
33608
33820
33861
33916
