# keyframe format v1
fps 0
2508
2836
2944
3067
3211
3316
3330
3336
3353
3361
3382
3398
3414
3448
3604
3724
3952
4372
4420
4492
4540
4624
4960
5064
5318
5607
5683
5707
5803
5923
5983
6077
6245
6317
6485
6617
6694
6802
7042
7378
7498
7642
7714
7762
7894
8003
8140
8188
8256
8470
8518
8583
8667
8847
9049
9209
9323
9407
9534
9642
9762
9906
10002
10086
10206
10302
10374
10446
10686
10734
10830
10883
11027
11123
11213
11333
11429
11491
11539
11677
11773
11845
11965
12169
12265
12553
12745
12829
13015
13303
13350
13734
13830
13926
14034
14118
14214
14358
14574
14850
15046
15202
15286
15394
15454
15526
15646
15814
16006
16186
16366
16618
16786
16906
17014
17158
17206
17254
17422
17816
17852
17918
17990
18122
18194
18434
18535
18595
18667
18787
18859
19003
19075
19195
19291
19387
19435
19507
19579
19675
19784
19927
19975
20167
20299
20359
20431
20551
20671
20731
20851
21007
21079
21163
21271
21355
21475
21907
22207
22327
22423
22495
22555
22717
22770
22890
23046
23135
23207
23327
23567
23663
23783
23987
24131
24371
24467
24587
24731
24845
24917
24965
25037
25126
25186
25246
25343
25414
25534
25606
25654
25714
25762
25810
25870
25930
26026
26122
26170
26228
26338
26386
26416
26458
26518
26566
26626
26710
26782
26827
26913
27022
27094
27406
27526
27622
27814
27946
28018
28090
28282
28546
28858
29074
29170
29194
29290
29326
29386
29482
29626
29746
29972
30124
30197
30269
30329
30413
30485
30588
30655
30739
30871
30931
31063
31159
31207
33556
33608
33800
33854
33916
