# keyframe format v1
fps 0
2508
2866
2962
3034
3106
3214
3334
3430
3502
3610
3646
3706
3891
3930
3960
4081
4177
4405
4465
4537
4657
4705
4861
4974
5212
5272
5380
5655
5768
5846
5894
5940
6084
6199
6235
6307
6334
6394
6464
6518
6650
6762
6955
7015
7075
7207
7291
7351
7411
7446
7590
7656
7704
7860
7944
8070
8130
8251
8329
8394
8556
8686
8775
8859
8931
9124
9182
9231
9290
9339
9388
9433
9525
9645
9780
9862
9886
9921
9964
10030
10138
10204
10245
10317
10377
10485
10545
10649
10687
10779
10899
10984
11106
11176
11296
11380
11443
11544
11604
11856
11928
12120
12228
12288
12408
12492
12546
12606
12682
12732
12804
12972
13002
13235
13365
13434
13508
13604
13724
13866
13955
14182
14290
14410
14554
14626
14818
14889
14949
15045
15130
15178
15322
15411
15579
15699
15809
16001
16146
16462
16561
16633
16717
16858
16906
17199
17283
17379
17511
17571
17607
17727
17811
18128
18195
18411
18495
18532
18698
18758
18818
18943
19099
19160
19478
19525
19645
19705
19981
20029
20077
20527
20677
20773
20821
20929
21073
21253
21349
21469
21550
21658
21682
21814
21850
22096
22228
22300
22420
22498
22830
22959
23055
23199
23283
23449
23665
23784
24102
24174
24247
24306
24372
24420
24508
24568
24688
24748
24856
24916
25024
25125
25197
25317
25365
25593
25713
25821
25893
25965
26029
26089
26137
26185
26305
26365
26581
26665
26821
26869
26989
27085
27178
27386
27470
27554
27614
27698
27770
27818
27962
28058
28094
28190
28250
28346
28551
28737
28809
28917
28977
29049
29262
29352
29622
29766
29814
29946
30186
30246
30330
30534
30656
30760
30872
31135
33556
33608
33805
33838
33889
33955
