# keyframe format v1
fps 0
2508
2886
2969
3086
3224
3320
3440
3512
3596
3680
3764
3866
4012
4094
4106
4298
4364
4430
4526
4627
4723
4867
5011
5083
5180
5235
5300
5414
5599
5707
5815
5924
6013
6145
6223
6259
6342
6390
6450
6498
6618
6762
6894
6966
6990
7038
7062
7092
7122
7146
7194
7290
7386
7458
7539
7682
7778
7802
7904
7940
8000
8060
8162
8375
8392
8471
8518
8566
8638
8674
8842
8986
9154
9238
9363
9411
9573
9621
9693
9813
9873
9945
10089
10161
10226
10341
10413
10509
10670
10791
10863
10958
11016
11113
11161
11485
11557
11754
12163
12289
12371
12478
12622
12778
12862
12934
13018
13222
13258
13432
13565
13637
13659
13717
13843
13993
14077
14189
14307
14451
14583
14643
14787
14856
14925
15023
15105
15237
15381
15453
15506
15746
15878
16136
16364
16448
16544
16726
16930
17110
17206
17434
17577
17661
17734
17802
17902
18034
18178
18262
18358
18670
18705
18777
18873
18981
19113
19226
19334
19370
19514
19538
19562
19579
19597
19609
19681
19753
19892
19964
20048
20144
20216
20264
20408
20732
20888
20960
21116
21210
21282
21396
21549
21621
21692
21896
21968
21992
22100
22154
22206
22302
22398
22566
22662
22734
22782
22854
22954
23051
23195
23303
23363
23615
23747
23831
23915
24047
24119
24227
24323
24467
24611
24635
24947
24995
25067
25223
25295
25349
25470
25578
25722
25914
25998
26082
26197
26269
26389
26461
26521
26653
26857
26929
26989
27085
27157
27277
27349
27421
27637
27745
27841
27961
28033
28129
28165
28297
28405
28537
28633
28729
28801
28873
29005
29185
29365
29401
29449
29545
29653
29689
29737
29821
29893
30037
30217
30349
30433
30457
30479
30501
30515
30537
30569
30665
30725
30773
30857
30887
30925
30955
31003
31087
33296
33580
33632
33912
33948
33972
33996
